34689
3348
5887
13245
1300
154
6302
1926
13745
3623
994
22060
9636
4518
31822
387
262
6150
950
5
5
6307
189
19244
1523
5416
0
23
63
10542
15600
4141
2688
543
248
3439
752
2165
249
969
35668
1463
634
396
817
9505
1135
58
2080
13231
164
4098
2053
9460
1480
1035
20052
365
1006
881
17183
12037
9444
35090
8155
431
188
1699
784
107
216
49
892
2248
6300
6315
113
4764
44320
2144
20382
26358
15464
14067
1333
10842
1721
2927
137
6225
8942
1962
16810
2739
47146
813
540
15098
4938
320
9333
553
6232
5473
43291
910
274
12636
313
10864
275
398
624
9551
75
68
1344
16633
11012
168
1368
3727
2402
2148
4176
2866
2558
2899
2032
20
21
7129
9279
5289
38
23000
3974
17927
7
36
12195
12190
6985
13
978
13560
8225
76
3093
5551
3412
5374
29
179
1323
9597
4201
20352
58371
867
47252
3513
829
487
356
5317
3515
4417
17629
8743
8107
991
350
24835
35326
122
15164
11444
642
7659
5533
507
6191
37
3529
844
499
1459
47100
89
2781
742
3812
5695
387
4370
172
69
23114
1306
1440
3723
759
25654
556
239
3213
8207
151
3
163
9263
4154
1372
3925
20604
2653
2671
228
1673
5029
413
3768
1095
4964
1236
10128
937
6293
20797
21536
8552
2782
3555
1995
2980
3992
8548
29797
3735
1864
35
780
21967
12197
464
368
2405
618
1540
10337
4376
84
11
2416
1710
2106
13802
4051
288
1528
1745
44959
357
17918
220
146
7854
808
2862
936
840
1014
1773
57
778
5578
1011
34
2958
6460
2784
767
15999
55467
5583
693
6037
13989
3112
1116
9479
1298
2599
2573
33077
9316
5438
1429
8490
3536
311
260
1635
8886
790
17438
26302
6564
10843
3705
978
374
27098
3331
1063
66
4010
6581
5349
1555
25412
2065
3758
6487
1879
69
161
4629
1158
570
1681
7531
3792
5
9607
20112
17947
2122
9368
1
1305
7880
810
1370
720
7425
2978
230
1897
3079
5465
11344
11944
3889
19802
1231
7026
2412
8426
24091
4699
12089
2787
1298
4414
3666
2062
4474
3505
26288
342
8600
3414
38229
727
6590
891
6750
514
3271
30
9284
433
14444
6782
2502
410
66127
344
8359
10
542
4001
1124
29723
4287
14416
12332
836
1249
16308
27
139
11906
2479
7697
1467
35143
6227
4439
66
56
539
7923
8472
809
2585
2505
12572
1142
5437
1223
785
8977
502
377
32579
18
31256
142
3640
4315
5987
895
7785
48366
199
1683
438
1470
673
22
5863
24
42166
4251
2739
2246
5103
320
741
379
20854
38
2164
3808
6198
1435
33407
8672
14707
16770
7
83
660
84
352
2568
1640
37049
17108
128
2390
223
10221
288
18642
226
1890
13944
10837
7740
978
3516
270
12799
1678
4235
2724
35272
1045
58148
646
13232
3007
2100
8781
1490
1223
145
6134
6765
3282
248
7374
1870
2713
711
2371
64402
2947
24173
1238
1635
81
332
19729
264
27801
48
11703
70
25617
598
723
2244
10124
14
3031
4084
7472
61
1395
41725
1203
54
84
425
22849
4000
6926
2829
11285
1947
4307
1820
4847
9105
13992
3976
2036
86
2952
38682
3346
1923
14319
34278
4923
11051
6261
16163
1298
33124
13569
4775
224
60
24801
290
27387
16155
290
12
916
2009
522
3789
2718
166
33789
12791
2123
769
3149
183
2373
342
6746
1445
8643
6619
1324
14178
15336
682
2660
1388
122
3253
38
62
91
147
1203
8
614
6650
7027
1771
744
567
7298
96
66
2066
6220
1244
57
20739
17842
24
3933
12834
18853
2742
246
476
510
956
3264
789
527
2559
693
3424
875
30
126
1143
4365
18298
3800
7067
1378
5249
2555
26
2305
1755
45742
21932
93
4920
383
2211
11022
10
2231
9951
381
1602
0
187
2773
12990
5870
11110
222
9225
3736
3816
4187
2072
1586
1855
1288
73
552
351
4025
1004
18787
916
3952
5306
5316
690
7187
648
37273
2749
3643
241
1707
37
3855
3807
5585
5690
6638
2770
5381
288
2000
1164
3232
0
3239
3
124
34197
1614
15657
984
200
13916
10589
53
2222
690
2017
3079
496
438
3070
60
5081
7899
10009
9002
174
2480
2058
93
20349
567
1632
8
935
5925
625
2747
8862
7651
3936
2203
1041
2149
3877
2497
3927
61
1336
622
725
373
14627
15272
4293
1792
4484
2255
826
14413
7310
3951
12988
12429
2709
18707
2664
1162
1176
7
10
4338
5466
444
23589
967
14861
6773
747
4979
19
607
878
11308
760
1589
2783
7485
18773
28978
390
10414
22567
11525
6860
25000
0
46594
413
6742
4215
5843
13987
1283
583
8772
738
1274
17877
4665
715
9734
18380
3
1172
4014
7042
89
1684
29315
7521
35553
5316
690
70
26
108
23012
26
234
66
6090
532
1358
161
3245
812
229
25666
956
7157
501
11230
620
25694
222
845
35275
2654
217
3458
1982
2221
281
99
27010
756
90
5102
2
17282
989
2418
25
1794
178
658
33799
10561
44
202
567
1875
1452
17
8757
21350
2373
394
3637
11318
1280
10083
27146
9770
170
1259
23713
759
132
6479
125
507
6192
486
27737
145
145
68
2545
935
3757
74
5804
1446
3356
293
23353
12180
899
2615
4837
2710
2441
4555
923
11724
4652
2028
10143
1641
731
1358
4724
3333
1713
1885
10372
1824
16672
277
1994
6705
8525
1585
21
3955
26704
63
3425
47179
9911
5070
11882
2250
3165
8413
281
13584
1599
955
799
460
56
27615
478
12604
8376
473
84
17449
7079
536
1310
20107
6983
11000
34
9572
11581
1030
8360
116
2534
3807
1095
8715
9051
1288
3696
1694
395
15152
602
1361
747
962
662
841
2522
878
12557
8877
6220