5524
1142
126
912
415
2949
165
1294
953
1934
1410
222
0
255
102
274
896
2956
1014
180
1150
245
475
823
1530
184
4
366
2548
3438
171
43
2515
1023
26
532
3581
2819
368
977
3868
2
1435
86
30
5080
3102
8
402
2117
2114
310
1851
407
1378
2041
480
1969
3203
298
366
2435
82
1203
214
34
1
509
397
2324
4786
602
3923
41
225
1925
7
351
649
659
302
61
684
19
1336
825
361
997
2284
189
2045
361
126
209
66
898
928
983
135
154
444
7
1106
457
905
100
1087
981
30
348
208
638
618
1514
299
5
39
683
2456
1215
391
1257
294
92
213
132
779
251
547
618
355
272
209
347
3559
139
601
723
555
210
1275
29
327
598
185
160
865
5
1462
150
2003
310
877
749
671
310
821
5172
1453
323
12
1272
1199
420
104
590
96
439
2088
400
78
97
1411
40
116
290
20
29
488
2674
24
277
1012
719
76
4
854
694
69
13
2904
324
984
942
11
222
15
617
63
77
1846
2
151
829
1483
61
34
1309
346
493
3060
452
103
1059
296
238
169
16
3125
259
2183
126
438
439
934
993
540
2769
1918
1164
76
198
105
5435
104
1096
65
1923
492
811
27
1648
2470
1168
287
552
682
2115
117
1557
403
156
240
9
102
270
147
201
1579
1446
505
1655
343
164
8
74
106
51
352
1676
0
681
127
32
570
1608
1212
564
4607
721
158
384
641
109
870
75
388
63
2110
264
1510
983
756
898
63
5605
965
223
2235
101
748
1371
194
143
748
19
431
121
1165
488
0
191
129
2420
255
2995
262
107
189
222
393
162
702
2054
1113
41
58
100
70
273
179
891
95
942
482
1172
1439
276
335
85
1900
25
1
1853
195
1076
223
776
337
366
18
6
1925
51
173
751
1728
4
548
53
3306
1219
25
155
0
427
443
211
1019
630
539
190
1510
186
410
87
692
593
2486
243
779
1531
1309
301
1762
157
532
826
1170
403
1086
6775
507
2094
947
335
524
14
473
7
113
176
419
205
611
1734
21
1454
153
80
2643
907
246
1055
1445
16
312
2218
317
629
932
13
1793
411
1016
2117
7
1646
481
2814
10
25
763
1427
25
503
696
960
2933
2238
1750
1344
1
57
3237
92
190
281
2341
32
138
52
353
8
1546
5051
1171
1288
954
59
1893
952
112
273
575
1109
2191
621
147
432
1071
185
323
2
289
6
1998
444
449
1639
2126
309
17
1807
1839
93
3
442
183
35
135
2390
590
605
503
97
104
5219
311
138
348
323
651
518
55
1300
106
201
3
677
798
1185
677
133
232
68
298
36
69
23
228
101
2931
278
279
188
277
9
128
1689
425
616
299
1948
1607
1328
0
382
510
250
52
13
4784
222
2248
2
642
26
10
50
260
115
110
863
7
737
582
796
890
100
738
2277
255
887
1368
5
2289
786
47
212
1662
1184
3184
1007
85
1243
810
422
538
50
3188
209
12
306
80
323
33
646
464
158
1717
110
1902
357
202
13
55
355
12
908
163
4
305
1565
282
992
483
783
975
1355
45
280
2
48
87
422
361
242
2598
991
944
7
555
21
5148
1282
1882
877
752
380
1916
59
171
97
353
3089
55
164
1714
1461
1443
237
126
812
62
1406
371
1190
183
681
1032
407
4914
455
124
1019
745
1379
2136
1169
154
65
29
67
95
5902
1236
834
1329
94
532
26
38
2355
17
860
0
97
786
194
696
157
832
629
155
243
94
3350
543
109
6652
312
595
120
7
1706
1767
907
418
851
3278
1318
223
921
587
62
93
224
84
1502
206
768
2919
78
50
126
310
7223
1952
0
920
1420
288
279
65
59
138
127
734
1288
89
519
1101
2232
1284
263
2949
979
122
537
147
2245
602
2779
261
915
206
4
198
373
183
544
278
1965
208
205
7
368
1364
135
148
382
222
32
138
1272
1062
196
265
641
1933
213
562
12
736
790
998
451
96
1266
741
787
42
1664
60
792
9
1754
974
1967
153
845
329
157
143
3
25
1002
119
917
1114
18
1291
779
630
657
64
222
303
1265
13
1239
228
1619
790
3903
1184
220
326
40
346
510
986
1113
250
967
3406
2
768
1888
64
941
186
28
112
755
441
116
1535
429
529
3289
771
9
247
24
1666
70
4312
1100
24
302
4634
1801
435
312
422
32
4272
180
283
142
7
520
1700
408
10
358
34
512
435
302
3797
355
1600
216
1266
540
881
48
650
227
852
1803
2386
38
80
323
144
28
188
1662
423
354
129
163
311
2306
261
11
614
295
713
4620
316
1713
1138
17
795
1273
1075
65
271
244
3069
1681
155
273
1273
131
105
136
36
44
1009
281
540
385
59
589
3547
100
3011
246
23
120
376
273
945
92
3574
1267
1050
2153
1626
35
26
1044
601
25
12
2693
633
34
2605
1727
270
865
2941
155
3163
90
122
232
4
2478
99
225
713
135
7
216
56
48
1946
384
2952
1623
542
518
126
431
7409
211
154
283
5899
193
128
59
692
16
366
2106
269
443
44
1656
1792
1671
10
1780
30
1146
729
295
1873
37
344
161
299
236
67
184
511
2754
1767
1047
192
793
127
156
1609
152
94
1404
62
693
5
289
134
20
69
332
277
7
119
820
1343
295
179
1619
159
457
0
90
656
909
52
79
681
1256
253
754
5
1413
1435
8
940
395
1437
43
92
1236
1918
179
436
65
462
1375
160
1117
288
419
170
1455
78
47
542
909
34
725
1610
731
240
4360
0
978
415
1157
1294
201
2390
172
607
1388
25
869
453
28
1956
6
111
2970
966
215
1522
800
446
343
2142
2911
902
933
21
1065
21
2267
237
49
4275
995
49
2193
150
2556
80
339
188
623
2397
91
413
757
2876
1204
1065
19
1329
1043
292
125
147
1911
352
10
1264
194
490
2
541
78
2344
1025
82
679
16
749
579
1164
61
327
360
194
775
90
60
189
94
659
730
71
45
1332
636
3861
723
1340
92
1723
1480
3
3621
50
1074
1716
391
584
16
102
1267
397
93
965
65
1117
379
330
1092
909
731
146
2
844
203
9
441
718
469
584
479
650
1950
106
1339
1436
39
4254
673
960
412
382
11
1028
270
282
105
1120
118
2603
25
1650
7
198
1858
912
207
362
349
2388
71
633
1
82
639
192
73
0
2808
48
623
40
1344
17
478
677
1562
63
1774
122
508
1352
16
131
4411
153
66
2406
977
184
693
2191
211
40
1052
988
2911
1170
272
60
47
276
608
140
708
1645
951
59
511
1661
876
97
1008
1529
135
1269
10
586
406
177
2869
20
253
367
548
639
3465
263
146
17
2499
45
496
2709
1552
532
627
665
422
46
1566
2133
18
375
261
3504
138
547
2501
97
1202
7
1287
2325
2405
885
298
3
82
2188
1440
339
695
3
49
334
107
434
550
8
175
15
1041
1771
4555
1390
151
19
182
889
227
713
65
674
17
187
328
384
198
1405
1702
894
8
594
24
1797
469
651
988
35
784
329
130
123
41
90
2934
201
26
1241
2
102
119
205
990
794
1642
1452
342
661
1401
64
2175
168
1557
120
1369
195
115
246
1157
1047
944
1200
1514
79
714
2
196
230
1817
1752
1000
227
74
2868
1192
224
664
302
840
438
1445
2
267
167
1008
502
469
21
7023
418
2487
142
515
320
709
1865
1277
737
12
182
1515
364
716
526
979
11
709
274
480
607
614
1464
311
763
101
2377
208
818
5
888
1595
113
157
1399
1461
874
17
787
1250
477
296
65
649
1821
630
194
1288
986
1609
1010
635
60
656
187
8
146
840
9
1984
218
1529
4920
333
0
166
34
201
602
561
3681
780
1071
2522
72
166
2858
2480
158
3
593
379
87
245
271
15
1449
2647
125
1006
288
5817
287
184
624
23
84
5
259
1486
1079
61
359
68
1114
368
87
439
102
2059
832
85
843
279
102
473
171
66
25
719
228
67
81
16
11
212
82
0
78
38
67
1765
192
633
139
1504
2000
157
3
4912
1192
165
991
941
132
5183
199
205
416
1794
1263
4461
7
1032
670
312
616
104
1255
30
1971
1246
236
1538
15
466
799
2235
48
657
825
1012
2206
1550
55
1387
618
1129
36
2005
1034
175
65
468
600
142
284
693
3323
2483
2381
1102
335
356
194
5
1173
429
202
16
1738
651
142
64
352
996
1154
42
5027
683
616
2316
1113
704
25
123
3591
28
114
178
3470
23
288
1
2499
257
847
873
347
257
1263
2
323
282
34
197
468
259
36
37
62
173
5036
51
568
242
699
184
895
1558
55
1100
499
114
690
311
541
7
361
79
286
1098
60
1254
930
114
121
4
827
22
248
1621
96
4
979
1
1609
17
539
1361
60
26
888
108
165
801
68
204
441
17
24
708
68
1311
557
233
1013
200
333
337
300
5823
262
1191
2249
1295
525
1701
526
1751
2786
48
749
546
474
2284
1703
456
1800
1622
1065
186
309
235
2305
895
2386
2445
1609
1733
2916
1
374
3003
302
924
1865
417
90
128
121
3985
1208
322
806
542
351
136
427
224
4858
31
26
697
488
1253
1949
117
981
2141
2060
389
4814
11
2221
904
424
466
962
415
1347
190
989
337
504
1045
4522
269
518
346
399
0
1515
694
3575
8
61
117
298
2
1137
2387
51
1301
708
2011
1957
621
2370
1388
500
889
1469
355
130
24
377
2334
1243
84
953
1355
1961
630
3660
1164
146
1647
27
126
1338
208
92
155
1001
517
3247
1591
873
419
137
12
11
37
1437
3360
648
135
6
68
1989
1340
256
8
1
1053
1504
141
124
48
550
561
99
315
534
591
667
1051
460
679
451
3802
12
185
7026
509
1010
712
56
90
12
3194
327
22
41
631
1303
584
605
1640
175
2254
2878
2901
500
520
29
1
2204
1124
441
4488
218
904
2276
89
534
943
1921
998
354
26
3158
33
1251
1088
1741
3712
454
0
934
859
835
684
270
40
261
2025
274
81
1246
3568
2973
506
143
655
1954
300
288
118
804
3687
1216
94
511
183
460
100
782
199
407
110
197
0
6
3834
37
1731
4712
735
1088
585
1205
189
4598
831
45
145
560
1381
333
1190
109
1347
1681
4563
458
4
308
399
137
69
1232
1493
183
60
1436
253
57
15
638
2040
4288
575
2075
901
848
164
351
141
2
40
3029
2169
632
660
37
508
1762
82
3814
26
397
373
149
84
546
4
635
154
141
0
40
686
1615
161
311
3170
53
6
474
63
1103
1830
78
61
654
278
398
743
143
271
10
53
474
218
599
649
3213
1131
556
125
303
1133
149
48
56
84
116
49
1768
223
3039
839
325
24
5007
268
632
300
1163
1115
130
13
294
3292
2515
228
563
598
198
1626
3837
11
110
336
276
16
364
369
214
866
441
706
95
84
616
571
369
3648
4114
619
229
540
420
457
1611
204
6068
77
84
46
546
216
216
2416
1872
53
56
554
15
1550
384
2391
94
513
262
1127
476
214
284
20
2258
3465
332
1986
240
341
637
167
33
908
442
799
424
1404
2693
429
285
460
2
1799
1093
1007
39
244
744
702
23
953
114
6039
17
790
66
1019
13
246
2314
326
458
981
781
9
1356
35
1746
7
5141
601
144
1168
255
55
1551
1804
31
113
2898
224
1348
2325
207
76
140
711
362
339
26
111
1624
212
80
308
20
1117
359
7985
130
2969
974
315
578
72
982
2248
1117
2621
224
39
35
1222
45
512
8
171
141
307
5
38
68
8
1018
751
32
836
3
342
10
191
1867
352
389
3018
0
191
889
10
358
1351
273
181
1119
971
412
155
333
720
147
285
6
2003
1592
14
1016
39
1435
527
247
553
1658
1134
15
2956
1106
41
1644
3579
1820
7
25
44
178
2093
146
540
47
218
393
1612
268
2558
634
172
105
226
807
2607
2669
126
480
227
220
14
546
141
885
1476
481
2301
45
79
716
7
79
950
442
309
591
142
549
2212
689
1
2187
358
77
120
629
486
2484
89
673
1021
1325
1901
5
1374
780
1128
1811
130
435
225
806
994
53
6181
785
774
1100
470
444
507
670
17
54
3705
1554
261
1909
168
2312
866
54
80
930
1637
283
134
1135
8
2176
147
276
1563
666
1572
222
990
271
250
85
9
63
454
437
34
3556
879
58
2069
229
515
1108
1597
692
56
476
638
84
139
3875
267
197
1574
211
2460
1203
234
722
2282
548
906
38
719
1243
1
354
137
685
3107
1501
497
384
526
656
1251
397
1688
2956
82
203
185
1497
2051
3104
150
3526
157
222
1749
1087
325
190
2156
622
1001
344
40
3
9
215
259
139
51
1351
756
207
511
3299
818
1298
1218
4043
336
2705
39
2904
1796
1113
270
563
576
3368
296
1912
147
1
2380
77
1113
4767
3817
64
406
81
152
1145
2145
589
701
1826
1519
86
2202
34
202
586
1175
41
320
196
134
1568
16
412
65
24
280
23
4270
205
184
8
93
21
757
80
169
87
1526
140
1389
131
1881
597
962
655
5313
117
416
761
1185
3190
1738
275
42
2472
1001
382
1711
962
839
202
922
60
79
413
214
28
1619
921
1422
1492
109
647
18
3550
128
2163
257
2273
871
406
1335
411
87
562
2085
169
413
2427
62
598
10
48
13
24
509
713
53
351
27
28
18
24
2021
2476
64
19
1369
2592
30
152
1391
295
380
185
45
1537
352
52
65
150
133
1531
67
454
217
63
2995
1
1463
131
48
927
285
294
1843
886
425
228
141
467
70
3625
2650
62
1203
2634
455
263
885
1689
79
1623
92
654
2253
1302
56
1264
136
58
125
7227
1
251
251
5519
444
115
291
970
7
378
167
43
829
1470
69
24
523
6
2523
2782
203
62
355
0
726
238
1599
2361
1872
149
19
144
13
75
27
833
412
38
3284
130
215
91
171
272
334
911
275
432
6
6
72
3415
220
159
635
145
60
23
173
1733
2168
810
80
137
196
401
1167
66
206
127
2971
979
36
118
20
4107
225
896
4437
2872
1928
20
39
1260
364
3479
1076
856
156
4
58
2083
382
127
246
3843
447
30
117
261
16
2
20
1432
557
799
703
4126
179
513
1306
612
856
628
3879
363
3879
362
119
1534
175
3190
3365
1053
713
0
688
2242
358
1096
181
470
654
828
114
463
557
2647
91
267
686
4302
72
140
1000
49
764
71
845
429
134
41
4294
79
232
701
877
1264
2140
396
478
762
320
3210
1004
245
115
1094
1449
76
963
23
838
1233
1262
1051
3265
14
95
290
1615
946
71
942
155
1023
2503
129
1191
357
53
559
11
1711
236
11
1307
3196
1558
598
5029
322
105
137
781
504
212
52
17
24
97
9
2759
1064
756
256
1849
0
1133
343
10
1585
1716
1929
654
2487
591
318
450
466
1412
180
667
1058
1456
7
753
102
1723
2
314
1824
3190
130
2269
277
54
917
173
79
600
223
221
3422
860
436
1181
433
95
262
349
86
57
84
22
1680
263
9
2461
9
279
1554
1230
1180
98
176
675
161
913
939
345
393
1891
91
588
62
1210
10
602
497
24
481
449
1306
139
4020
55
3142
500
3
116
57
479
71
470
17
263
2030
62
264
19
1137
189
30
396
30
405
2319
606
973
1255
76
106
149
691
131
161
149
364
1944
651
4423
247
647
91
37
2
50
112
574
1965
702
871
501
197
159
602
1963
36
197
1123
43
671
20
305
1399
778
257
1650
228
158
1042
30
495
573
2371
417
1518
1129
820
3730
690
375
11
39
319
745
4525
42
366
1027
614
208
2347
137
148
408
8
119
371
1012
270
615
1310
366
32
8
2376
2459
107
389
589
481
3027
198
226
129
1606
7
1122
432
162
1120
24
740
402
771
805
2324
1730
488
51
963
9
2
453
122
2171
263
3
729
39
54
5370
6
40
452
19
543
475
3977
667
68
40
19
655
342
226
1141
24
177
287
16
23
260
1154
880
49
305
731
408
86
3358
2721
952
2408
1308
490
421
98
1083
46
1291
2821
244
1049
1695
22
234
2271
260
3
182
849
1542
1844
2350
915
838
141
1928
1040
1945
263
1249
17
65
16
9
171
681
180
5
38
830
11
4281
3957
8
44
612
145
397
233
1684
150
422
17
491
211
1021
865
271
2245
243
3299
7829
355
1103
3357
665
90
1073
179
1128
3512
142
126
586
299
5
1619
5595
1462
378
1879
495
1015
2718
359
817
3964
246
2173
93
1701
6634
349
1172
674
672
58
3195
98
5
160
2762
63
316
1446
263
1
305
56
618
1759
83
594
987
291
4931
1450
40
329
48
162
151
3609
3733
22
729
733
379
744
1519
837
57
358
1111
379
153
141
191
678
73
2277
631
97
1268
1555
200
1337
380
6787
356
1225
938
1759
2217
1589
14
508
1240
215
358
133
330
18
374
9
145
131
14
66
123
2084
634
1151
184
628
1646
773
1482
266
217
232
1423
1037
212
47
2
4
586
1161
416
375
629
138
212
1822
54
73
1039
1233
757
131
79
445
122
308
37
2032
777
2245
10
3264
107
1215
50
41
102
105
2381
18
0
572
1681
354
994
187
221
192
610
1004
1734
3602
57
3492
422
1367
425
3952
279
276
1
551
216
4989
1816
57
1221
525
131
228
588
2130
41
512
110
2008
837
218
287
2481
218
962
187
25
869
697
171
162
1089
1265
212
223
114
2805
817
943
190
79
249
2
22
695
50
529
4980
572
327
1149
187
1099
233
6
17
16
191
694
196
71
13
1343
349
1161
207
1098
170
1357
25
135
1225
512
407
629
48
383
169
1821
3002
879
141
1032
2015
1260
255
12
883
1053
405
136
1318
936
846
1451
2319
1080
468
486
248
886
1451
508
866
970
65
1701
239
44
562
400
1164
669
208
632
97
319
68
4039
233
1091
338
38
2056
106
1187
375
2337
769
575
36
188
4784
923
1650
926
605
24
241
998
716
27
289
60
1789
172
104
78
929
1235
190
566
1996
1230
206
60
451
906
11
464
773
2819
359
465
62
854
1
176
380
79
196
509
116
7
4
456
471
50
18
71
11
3184
674
51
2
2845
1097
1085
1578
1081
316
424
1617
321
137
448
670
298
34
4683
819
194
2
24
21
5589
109
415
1205
1248
379
12
2644
3212
1255
3
442
70
575
18
1453
1429
784
234
2023
1886
2296
161
177
33
1425
315
903
276
813
464
77
789
872
432
632
960
3258
1
2884
40
2
54
5051
1350
885
88
1692
52
873
2229
77
1605
1097
1907
398
1068
413
732
2
578
337
23
54
1388
48
449
123
1365
1252
333
104
104
427
656
1232
7
1231
5
67
136
26
1298
2038
4
33
1904
230
251
1
1692
27
793
5
363
111
177
799
4138
70
5
324
202
628
1354
510
191
1128
1433
228
533
213
1655
34
0
1056
192
707
124
3733
2916
79
475
1022
47
61
19
137
928
1603
501
2240
2055
61
1967
95
2403
49
72
1722
200
1771
1292
803
7
1107
182
3917
1854
1544
536
916
277
598
1171
105
2580
17
612
482
371
372
1413
127
261
1591
3562
1465
1439
46
257
926
7
155
3513
341
770
76
207
493
2296
75
1095
514
957
951
318
1175
1023
1105
284
60
518
55
482
451
403
467
179
4060
421
289
745
1340
956
0
1348
542
180
626
3260
360
135
225
11
70
614
49
657
234
1715
126
1638
1210
1545
99
610
277
143
2532
432
648
198
43
1678
646
116
29
260
1165
72
350
2093
129
1
240
719
3093
227
187
1110
31
438
162
383
145
22
1226
462
1234
1374
3
33
335
169
176
1373
1069
403
60
677
85
40
2300
61
562
122
1173
2
1486
4986
250
16
415
129
27
217
5736
66
618
3722
292
1219
1645
581
613
93
1460
64
147
69
2851
887
1022
156
2975
934
925
1810
119
116
1189
174
43
761
1373
39
1545
294
1112
37
1012
498
152
6344
473
2513
1
827
420
382
2059
1650
1086
937
111
1542
97
72
1437
184
14
1400
83
1301
1441
111
623
739
8
169
112
322
949
868
3302
160
1691
390
29
51
70
809
1017
2579
317
20
287
90
201
3826
26
266
472
100
1186
254
632
1584
1311
533
198
5597
151
2463
664
812
209
731
637
1650
139
12
469
4432
81
573
86
99
1072
788
2040
1340
3362
935
3278
1624
1406
459
57
2240
2220
244
844
768
4167
1146
200
1105
161
927
190
640
271
112
1016
1677
128
441
3468
400
753
467
376
1548
275
644
119
635
674
678
2
262
1000
2324
763
717
1789
351
13
1070
998
22
588
805
1003
1009
5069
2484
21
1509
6
175
193
96
1189
2775
651
246
990
321
103
394
786
890
153
361
3589
424
1150
8
200
127
13
126
352
256
211
77
871
369
544
181
5046
2693
200
2733
794
211
546
26
2618
252
984
2137
100
68
643
16
4
1557
498
2281
189
4
1297
4888
518
12
2615
1006
2594
2038
3455
106
2252
64
159
798
5
3023
778
93
2671
525
617
673
428
655
145
800
225
50
464
41
1508
116
575
451
1599
1987
428
2981
502
933
551
20
21
478
69
699
3405
114
1862
955
4195
8
752
120
2162
560
196
2297
11
40
1333
1127
795
1909
39
366
702
238
2635
1286
1887
765
610
471
741
15
1195
8
125
70
2832
274
4181
336
746
226
590
35
170
146
114
2624
1148
2231
560
107
2899
434
3044
970
1272
457
980
38
622
2602
443
1578
185
531
732
416
332
438
1525
925
778
100
2400
322
38
2419
127
745
795
1973
1093
1210
257
964
682
596
68
2751
1042
133
1512
728
512
1708
239
314
240
850
268
607
9
108
452
875
30
2337
623
3472
887
3149
299
527
615
3546
1029
3029
1621
449
121
1156
124
1872
612
4
604
4558
705
419
6429
1483
647
1035
988
351
562
1273
1205
466
95
18
46
2718
310
104
2180
600
105
17
495
546
204
624
2734
1490
525
2725
4
136
2662
99
149
485
58
3165
98
1710
162
759
3475
1116
597
611
2496
705
311
1185
479
124
604
1719
487
3291
21
377
395
3775
1210
210
2089
641
3050
5516
497
1947
57
19
1430
477
1320
873
755
2764
1248
3561
94
346
68
768
25
955
2488
215
996
445
958
569
1007
308
788
94
348
506
814
1181
1015
282
478
94
792
1171
416
93
809
258
168
1850
371
28
748
43
225
524
215
64
390
325
804
37
152
194
24
243
752
992
2652
58
1047
586
1084
574
5087
80
4196
594
132
838
3616
53
364
65
133
665
34
353
118
1629
1623
624
11
1744
374
7
64
94
1791
2188
40
495
466
528
47
971
1015
1013
3583
294
794
24
181
357
590
365
5
1977
75
51
42
728
170
20
129
389
133
3733
1967
190
391
3
105
1815
230
250
1159
2141
2326
2429
7
61
905
616
157
720
457
65
1784
20
271
1885
32
987
888
32
191
14
1767
254
3763
120
82
1530
148
1
929
8
4357
3272
256
115
1286
8
108
904
582
1207
1
806
210
188
88
703
240
199
1213
741
1027
102
289
5036
1378
106
523
102
99
1081
50
455
677
623
916
403
47
3
229
749
1387
278
400
2996
21
148
437
8
815
28
136
172
504
38
197
62
37
1832
2606
8
49
944
95
140
465
502
474
560
59
833
274
2070
68
75
953
1196
770
1066
764
1939
757
13
56
114
159
42
1247
537
981
361
1157
107
558
639
955
141
5208
52
450
464
286
108
364
117
2962
336
364
2493
134
6
382
207
490
133
100
448
301
210
8
102
216
88
852
249
1690
790
1160
1072
821
271
1320
108
194
2151
96
2327
27
96
571
1129
178
410
1
953
1609
1485
407
623
20
772
1501
252
158
2
730
43
162
765
95
289
0
1761
1067
4545
171
182
2888
319
337
17
806
1687
1011
374
651
4
693
1746
2
321
166
350
2773
146
122
314
8
303
1163
1915
354
899
7
530
723
150
158
10
84
302
998
937
140
544
988
836
267
77
418
9
780
156
201
65
2102
253
86
1886
1599
2487
193
337
1427
1236
383
341
562
18
670
979
1104
2252
1705
1097
184
146
56
131
574
783
7481
1322
2275
874
49
1268
2028
6841
2762
1802
3186
316
98
436
69
183
24
89
58
1402
461
53
5155
3779
656
55
890
197
386
59
0
521
432
59
1037
452
1290
349
665
1172
1
911
4737
29
164
608
428
24
36
46
23
2625
847
166
747
540
349
698
49
1298
2039
403
1627
2041
5
3058
596
1281
301
83
752
3609
1926
8
9
813
170
1053
25
166
797
159
85
2962
1969
198
342
101
166
395
795
92
52
1225
4
832
63
4
123
267
767
1768
5
125
168
3451
1893
307
20
13
9
58
504
407
639
112
505
139
393
1775
203
1205
20
5
2432
961
811
155
264
1182
1091
1054
1407
102
2032
3957
47
1
744
84
268
2159
2
994
57
506
3583
983
309
9
1304
38
370
100
1620
11
1153
1626
1026
3554
543
1110
669
640
3
2331
2382
99
763
3100
3
1355
395
517
25
2588
2541
1478
842
18
320
1672
226
1525
1511
119
366
1540
793
4
133
446
747
790
19
3627
109
225
221
3264
112
194
465
2272
471
995
251
3
1070
930
520
192
868
421
1983
358
563
943
3455
59
128
1444
143
2095
1211
2117
212
375
1309
2389
1433
117
500
153
920
1711
479
535
1346
524
246
607
1024
48
1638
915
3745
362
26
265
30
357
170
2590
99
1347
194
4
921
4774
674
250
599
3975
34
956
49
656
207
43
902
1003
67
2006
1515
260
470
92
353
1839
214
297
404
432
791
1084
15
60
364
462
1182
126
85
1883
651
911
3768
452
171
175
4252
171
685
295
2238
876
169
23
817
980
931
1375
702
1245
590
3036
496
4735
1299
0
1051
33
3045
295
76
2386
1322
339
170
70
5
1042
106
92
1431
345
1902
6491
21
415
849
48
683
6
408
48
283
194
1578
163
309
33
72
3627
1469
1408
17
122
46
198
0
287
271
241
2848
617
423
10
332
112
99
2991
348
2156
1008
2574
1685
6
129
427
430
293
110
1
38
21
845
2346
1600
47
781
233
201
1498
624
823
2624
1213
66
1369
301
1301
226
286
1283
175
35
254
275
377
63
1558
81
1771
9
19
295
917
2184
2423
377
274
367
1165
2598
1062
398
282
1541
292
33
32
130
266
229
751
1949
860
408
523
682
633
2340
0
22
1728
1111
1936
780
98
442
2487
1
310
1681
941
1176
824
839
1223
91
3372
3
3477
98
3446
484
11
2858
123
0
690
1810
10
738
132
1344
1441
247
56
466
698
428
7
4052
51
3500
505
1033
1182
2759
179
76
16
305
104
255
1337
242
354
201
4933
372
156
278
1474
787
1173
10
233
3421
1707
347
106
216
2479
4649
1907
546
636
482
600
1671
465
1309
3176
2324
604
514
427
680
190
38
247
11
1701
159
83
177
390
332
191
1369
98
2577
442
1235
1308
189
1223
1188
351
2177
176
62
747
403
2692
323
108
75
90
484
1498
43
104
44
9
7
19
1454
251
26
890
617
2817
1910
507
617
6
720
681
180
729
694
14
4
6
176
375
1982
115
65
127
613
333
401
358
353
4004
1382
294
242
101
281
2
252
3701
845
2475
2029
2583
450
660
430
653
58
34
25
355
12
731
866
154
174
2021
687
955
574
665
3427
133
66
16
705
1161
276
32
342
726
2807
1025
117
3
354
1427
3460
3643
402
725
39
98
1425
105
3
1195
1557
165
52
666
568
360
411
1159
225
2891
3077
1018
81
340
1584
674
2511
156
83
3603
3330
31
28
173
521
855
3074
635
133
449
418
754
359
101
28
22
1885
161
662
3366
57
602
725
51
714
1614
1301
36
223
69
4946
224
4
2587
58
266
900
430
462
22
1081
907
604
1857
552
44
1807
411
1722
690
201
507
113
292
1160
52
876
190
326
403
47
104
957
877
54
3315
193
1434
1571
69
591
35
2528
21
0
20
21
39
595
72
765
37
2454
1425
208
25
919
5030
6
153
2100
459
322
23
575
382
4
332
1569
4452
86
1
488
121
2722
2243
200
413
3931
87
2082
66
360
153
50
1525
228
12
2774
751
821
1312
324
3306
905
2199
87
835
339
401
146
255
120
791
807
4619
307
741
178
127
3735
0
1186
1689
41
308
66
342
749
212
1130
430
15
7
2207
340
2203
1104
1018
593
2
117
331
55
1759
2246
409
359
175
484
288
1814
596
69
873
181
2380
239
361
5
263
1516
2551
17
308
583
1625
411
1008
149
93
944
71
1913
50
283
156
290
423
503
801
839
90
1761
243
876
2635
59
301
958
3265
2
2006
426
1680
767
101
1363
1976
417
21
2347
3117
112
1747
960
1861
2723
594
1352
601
519
85
26
36
3887
1941
364
2195
334
687
74
1653
506
1532
1923
220
36
20
22
91
2277
52
255
152
804
299
63
204
216
287
1518
1255
1156
47
4724
913
770
1166
56
960
254
62
2417
3851
2300
199
1772
1257
317
372
1514
1492
1762
2493
12
125
645
349
4
53
28
13
285
825
25
265
2501
1121
495
20
171
500
894
13
48
178
1305
8
41
718
9
28
413
2500
524
639
1174
1
0
1185
1227
539
2608
3587
956
502
408
336
93
642
69
14
211
1807
98
819
180
3183
1551
382
337
159
19
264
198
3377
101
9
4870
719
33
673
1553
2178
502
395
380
1890
11
1276
417
18
188
30
358
434
77
4
865
1294
454
1085
290
5
233
1198
2124
113
246
159
2288
5774
525
2696
1917
1
329
348
2690
248
115
1654
41
3256
1436
640
270
299
1499
16
64
161
91
502
74
927
2614
469
5
674
2601
996
1389
732
190
323
425
38
3557
198
882
1111
113
9
1452
436
747
1909
863
116
109
4313
0
743
669
71
998
1412
2
29
2110
82
38
1134
600
100
2
2254
17
2646
348
376
237
11
591
463
702
606
765
20
892
172
683
143
1553
467
2218
147
848
942
524
1086
290
883
251
36
601
21
823
126
269
34
30
171
2260
1676
669
1
133
212
371
146
33
67
139
320
93
703
843
719
2081
3398
301
1150
741
211
73
1976
1199
110
1316
221
83
656
2983
1420
2963
817
1693
2454
745
13
457
57
129
290
380
1398
770
20
4768
1366
358
365
456
281
833
1905
137
496
1481
2716
2596
407
2353
78
853
294
1460
610
278
509
1025
1212
365
263
456
85
36
581
316
895
2034
3069
342
907
95
4498
18
474
973
3535
10
1056
521
920
1035
165
2936
601
928
192
2179
189
522
1063
1081
179
46
1712
16
8
268
1200
1759
1956
1461
534
1742
684
287
88
202
2414
1077
345
10
10
2218
1545
1140
68
84
824
591
2337
1481
273
324
653
46
2093
1603
811
1401
50
56
136
13
721
235
1836
583
48
137
1423
217
158
178
583
21
1401
1548
2058
280
125
347
301
543
3
518
96
995
1134
647
257
1768
116
166
16
114
305
4
1157
222
655
2046
1239
34
8
1684
1852
759
25
384
2905
402
1026
20
564
344
730
1864
846
2242
1362
2366
225
23
107
1853
532
44
5
41
0
1439
4451
296
803
658
25
53
361
266
14
73
461
129
1932
69
828
642
1542
150
144
359
352
0
721
1522
305
191
928
44
677
582
749
78
393
594
874
2790
103
880
1151
2372
727
48
6030
30
1413
3369
1339
1174
2223
331
160
678
35
1085
17
43
1089
1
885
1769
202
2197
637
932
1205
1808
148
378
245
39
13
495
328
5
1607
30
1089
234
3102
516
1121
1678
3125
786
1865
11
569
996
669
444
199
370
444
150
1958
205
2296
605
4210
478
443
180
666
10
257
1974
699
1321
213
197
4247
1967
59
11
1298
625
257
0
245
462
619
9
12
2828
247
222
588
275
774
80
22
5
3056
1
1253
1025
210
401
68
160
503
948
590
33
4
4254
28
113
375
1067
38
424
1894
135
3759
21
2153
204
270
576
1098
15
1001
57
1
864
1146
880
784
167
1635
691
1090
1134
172
472
1124
165
1017
882
1890
1265
95
2103
2197
324
340
1769
1873
1515
1250
920
406
546
1206
366
307
2082
1818
10
1051
448
424
952
415
35
14
2156
672
4072
2915
182
1300
198
1697
1274
44
1600
185
1204
1383
264
188
179
1098
119
4
88
874
381
2
3072
24
0
869
42
989
49
899
1508
405
2374
351
1317
287
3685
473
1603
95
624
1472
4019
324
322
1129
1138
207
529
1554
417
2345
77
2950
25
606
116
553
1006
210
807
160
628
1195
111
5211
749
811
23
60
1272
1243
3601
248
1630
277
1619
1021
161
760
285
257
36
371
4368
918
956
2496
385
1075
1002
112
1001
521
1633
151
1825
56
52
249
3782
1262
227
557
1137
1285
31
102
849
380
1779
1315
660
554
367
811
2139
147
34
190
3954
2
334
31
7
276
411
350
238
257
405
518
137
387
1687
2363
644
1859
2945
163
1107
110
99
1652
115
272
17
51
626
9
407
2684
44
34
90
1449
327
147
143
3640
2220
181
230
74
140
1368
397
243
959
695
106
572
1446
3
415
236
827
557
714
1593
805
539
107
419
661
24
575
9
340
666
0
1461
8
303
1550
14
1818
328
80
985
202
163
143
34
2044
2567
13
81
685
618
272
244
622
384
1
576
269
1759
1362
5355
957
594
3146
1428
1147
558
1268
627
136
36
343
4526
243
23
180
344
221
2817
4487
731
191
147
0
271
1237
5592
935
511
123
28
262
1325
2118
742
219
48
1073
1219
168
617
492
45
1378
588
709
3281
1397
347
1950
270
166
198
677
1571
991
778
103
31
1124
604
184
2157
488
596
205
622
251
423
226
1036
4
2978
14
151
1406
163
319
3403
438
1581
58
3
446
131
91
245
69
1618
33
769
204
346
1083
72
246
389
2258
9
4
373
66
163
1438
369
3012
2132
51
2426
84
355
189
1071
154
266
431
2752
5047
796
684
626
107
0
111
202
369
1378
244
237
548
3
14
191
38
835
54
7950
299
151
527
103
1128
584
1327
13
4405
1799
262
672
410
2384
599
749
1972
3574
14
426
973
4726
435
3447
85
1943
3372
3045
356
818
2761
328
819
66
438
210
54
1418
2
6
145
390
91
5145
9
78
222
1899
1592
87
5714
1574
1839
489
213
90
778
601
160
253
1016
299
54
930
5
1043
25
120
1410
7
172
1477
20
220
1
681
144
291
8
730
1430
177
856
1314
451
535
81
1603
455
744
195
1827
1788
345
701
3
1412
73
1909
400
1009
101
57
620
2676
2003
2780
37
3061
1298
59
3852
1290
159
0
14
970
281
43
476
3130
1406
757
377
1968
54
849
12
333
2664
930
1125
454
361
1120
502
70
313
72
682
51
3452
1321
253
701
1172
1207
4435
3673
404
244
2073
2682
32
69
578
14
262
1894
99
957
167
694
113
1600
3310
2702
563
366
1428
1674
935
42
4690
260
473
385
115
890
788
744
4233
708
245
99
1653
109
25
338
24
2253
36
328
1337
1275
231
81
273
234
207
63
226
1939
913
2
97
3318
329
1635
907
648
1324
1887
327
1650
232
2617
646
170
119
3896
6
345
764
2354
974
522
1556
162
3783
812
118
115
4820
1746
4215
99
1833
1532
647
1023
900
345
1404
199
136
215
1430
102
17
1087
158
391
4526
2591
7
292
794
382
7
1299
1195
11
641
99
107
334
73
232
97
3072
6
70
274
96
250
214
1415
66
1265
107
688
1183
1065
443
117
4190
349
135
23
1694
72
1404
1215
485
1170
1066
2
753
989
1689
1195
211
71
564
42
7
172
702
562
531
0
618
3059
597
155
1002
76
356
490
2145
651
219
1399
10
922
2778
1285
2183
216
37
132
62
1114
1844
130
843
15
630
1392
1520
3119
36
404
43
385
282
3885
175
1084
39
1630
2459
4219
150
520
1388
545
371
866
51
843
485
1942
325
0
1106
3538
140
613
26
45
180
39
43
454
52
726
370
575
1423
578
3859
1829
298
783
78
627
1306
189
1308
54
1070
1477
1445
1925
306
313
714
562
148
773
64
87
59
3365
4062
435
4
49
575
327
1262
1065
601
265
1385
34
606
385
423
262
408
3756
345
353
239
1188
1068
8
897
1592
4585
54
1531
1044
316
43
5
121
523
1464
941
2410
66
1378
3034
255
7241
1261
1298
1473
60
1260
116
171
240
218
62
767
443
2133
1
593
2851
970
2902
2403
1527
52
3640
250
103
1304
31
616
811
391
884
685
1360
27
747
1930
359
1125
2330
1114
1013
228
180
5
353
2109
34
569
2489
1149
7
1761
174
225
470
4
4602
372
32
147
26
402
13
229
400
1232
1958
396
437
280
28
1350
1340
5
540
678
273
247
1684
146
252
151
590
354
48
1853
1763
293
5029
104
465
6003
95
1361
1
666
3401
357
5
79
23
2349
771
257
1195
49
1400
328
502
40
14
13
1668
828
201
996
343
190
1018
557
4
197
231
769
266
1458
1881
1395
467
1744
714
95
327
62
153
1214
1169
188
28
1801
353
243
799
992
1232
327
537
370
392
729
548
480
18
154
1831
1422
1280
208
143
1183
806
335
669
20
53
86
1463
33
1142
101
700
349
649
356
1760
922
359
1494
308
112
718
1391
1058
992
366
2317
385
349
2222
862
153
109
812
34
1914
754
634
1657
3164
20
124
3662
763
699
1441
138
5145
1149
683
4
610
1458
1846
446
168
2441
3500
2418
337
130
55
193
636
980
581
269
482
6
219
630
2
700
246
706
62
319
1809
125
634
98
299
1182
6243
1012
4410
880
239
4292
32
3936
886
212
371
2565
216
274
3305
235
75
504
45
1248
541
6
1997
204
207
15
6
42
252
203
650
102
173
250
75
259
186
270
25
42
1031
562
1601
1522
582
371
1040
876
58
1110
229
1034
300
596
728
134
14
95
1985
1854
1463
76
33
1706
138
742
184
414
627
2291
370
718
1513
810
62
117
1008
1402
1922
138
3846
134
57
1755
30
377
149
1093
612
2907
75
17
194
413
423
2927
958
1264
192
993
725
686
93
134
179
2946
1256
730
134
203
1270
1557
317
665
19
1932
261
67
33
4629
1353
25
273
5213
2925
2184
336
1309
2293
551
114
206
371
1042
20
1893
1085
149
8
164
1219
165
471
902
1019
734
420
380
50
954
341
894
1134
1
227
1887
176
597
910
205
927
1340
84
80
95
118
3450
3559
2416
1127
2141
802
1011
280
2650
1835
528
315
25
193
175
348
919
746
75
634
1023
1691
376
605
136
126
16
167
291
275
73
2639
335
731
22
198
1600
12
3288
5
798
335
98
23
0
47
9
1150
257
100
52
804
184
38
173
226
436
507
1132
18
405
74
638
165
6
1511
88
524
10
1267
1634
206
141
66
61
1465
24
123
3341
272
3451
557
1364
33
1047
73
26
1923
1725
299
72
18
447
535
1317
480
50
4246
1159
333
693
3200
235
2072
939
323
223
59
307
0
1295
1706
97
134
1650
88
237
221
1363
339
60
1230
4237
2720
147
51
1629
2672
8
636
111
660
2236
256
250
162
6
1082
99
993
2110
151
527
2349
1464
236
0
20
3595
1522
386
3587
176
266
1190
1961
373
1
2194
9
285
27
111
500
1980
448
1342
1621
521
189
808
2515
2687
851
2749
1706
477
1692
1
1905
285
493
135
7698
12
364
1479
916
517
1188
8
662
559
1226
2101
357
245
219
2107
1306
4218
2169
530
910
122
413
531
912
66
623
557
20
966
48
567
1
852
1101
1641
1338
1372
1175
896
134
121
49
1779
163
217
3
2438
167
175
57
540
210
54
2191
106
318
118
69
2278
155
194
154
1412
527
138
534
2682
17
32
67
211
55
208
51
1156
620
2
2155
500
381
605
358
2133
4752
94
113
179
897
1034
172
835
1142
94
277
57
247
737
1031
57
2978
732
1009
129
2141
131
1
176
201
186
680
758
722
218
708
169
217
66
666
1791
104
842
756
21
2547
712
485
246
1672
15
415
74
1161
368
7518
433
2107
359
1998
222
47
123
933
1851
1396
425
181
375
24
76
1260
130
389
53
54
54
1565
63
516
1494
652
349
240
8
850
40
1357
1678
305
1171
392
241
341
265
269
2737
1036
99
117
1255
80
320
986
367
84
3648
67
604
4
97
4819
290
209
626
288
1161
361
197
3
869
10
8
222
2648
147
954
839
11
330
1976
25
118
178
1258
1322
42
0
256
47
1526
627
115
382
2790
3024
387
2572
578
1399
43
399
155
519
1458
845
1500
2096
20
219
1790
1472
221
1639
1560
18
327
885
90
246
1645
3006
352
97
2148
443
384
904
581
174
1197
105
143
1584
754
53
462
757
2424
202
833
1137
1288
9
2210
143
927
40
73
137
194
80
139
4099
28
248
806
401
284
155
719
432
1250
2128
16
1049
4
1410
176
107
162
1745
215
772
163
1737
549
158
468
123
1931
1697
1579
77
321
416
5
153
77
492
34
295
780
394
946
1650
44
1124
507
406
2
688
179
1335
402
701
214
78
473
91
150
119
1274
1089
1
151
464
9
2288
169
1253
247
352
1155
383
815
5571
492
2675
627
10
1089
1629
390
2122
204
193
44
455
97
130
108
445
847
193
86
607
159
255
966
160
2981
310
1952
64
2136
112
0
857
8
1001
84
56
205
3
47
11
155
61
5429
69
154
208
1776
202
58
22
4
449
63
919
328
686
223
317
419
2076
62
50
1743
686
579
4402
165
31
1227
96
636
19
1580
562
2125
866
12
50
3038
967
1561
1192
1130
33
1453
1300
31
1419
302
1919
240
606
100
134
309
3087
1244
960
48
730
526
945
4
756
1608
967
322
3724
275
277
2128
64
512
1313
383
3813
14
587
3
1038
231
829
51
784
412
372
142
934
295
907
99
86
620
325
39
53
11
694
3893
55
368
9
69
548
374
636
0
1881
219
1405
2530
251
20
3946
141
1897
362
453
671
138
372
24
747
249
37
275
1091
33
1982
244
2
640
180
14
57
309
167
173
604
31
1051
242
623
500
1545
545
99
507
41
833
1596
618
1884
304
1313
1399
435
4189
537
628
36
546
936
8
2279
2344
254
0
949
230
216
636
906
181
762
9
566
62
47
31
666
3
854
590
3605
314
763
25
135
2193
1134
4129
1381
1269
93
191
3443
1879
162
199
755
357
842
1532
289
5077
413
193
595
255
903
1906
226
774
217
51
1967
4
1708
630
2903
27
37
7
120
1227
76
1232
2124
652
386
126
1057
3
412
2138
103
1411
40
49
61
90
103
659
2686
299
2535
82
2204
28
34
709
1566
890
705
2654
168
737
1261
1390
87
473
372
661
32
366
16
822
111
8
111
935
999
222
1745
15
1355
791
477
655
228
574
4670
1740
5
2767
146
3060
782
400
2633
2825
34
1850
1975
3049
107
1454
163
1696
2419
36
158
328
2340
41
670
1106
2982
1023
3360
803
1183
1797
882
1471
218
16
541
2468
1697
357
1743
1219
489
3753
12
43
49
194
865
457
1790
3917
924
874
2040
5386
3488
11
2126
1082
3
102
574
4340
748
142
55
57
813
3758
8
82
2030
245
1508
317
457
355
120
3702
137
228
336
191
80
2582
275
1739
763
874
608
235
1364
521
416
4348
7
66
1857
395
479
3315
546
40
4438
71
1315
974
868
216
141
2713
4
94
136
803
288
365
622
9
2
12
123
764
133
536
615
310
3541
816
94
1269
298
920
534
18
1505
1815
3
164
143
379
160
126
102
280
678
440
28
649
3214
29
516
2
674
933
108
477
46
1314
39
634
298
77
1406
607
1421
730
292
698
203
82
1537
46
65
287
2426
4
69
701
209
666
589
1977
630
521
2338
155
114
3538
940
2643
1265
45
3552
59
361
474
54
1493
42
3
37
207
386
33
2536
0
296
2621
21
2038
309
210
532
612
111
39
781
1503
2256
49
188
195
376
3
1642
4043
1294
78
127
2
624
296
6853
205
292
330
9
1053
617
84
131
389
32
4587
12
1232
6
4
4900
894
2091
236
1194
400
1361
913
163
192
1100
3659
471
1110
106
383
140
26
725
1218
42
3766
219
631
520
131
349
2284
228
657
284
412
2838
72
727
10
463
137
220
427
1669
1208
291
390
302
57
2092
13
375
983
288
853
653
2277
2137
1377
665
3650
1679
3303
629
82
1341
400
2084
454
216
2385
684
349
818
506
106
0
420
383
2045
126
6
733
136
245
270
201
90
653
2
1171
126
785
818
82
2200
648
517
1651
362
230
447
186
772
18
250
87
27
315
468
10
576
426
708
70
2183
34
771
1984
6147
1350
123
220
1226
756
363
1391
2711
125
281
552
794
39
578
1459
1484
21
260
488
1551
1300
567
629
162
710
1024
801
83
3336
115
3519
398
1287
79
1282
681
7816
1320
43
57
3060
77
21
1004
10
141
4101
451
238
0
1376
2311
712
218
76
280
449
63
1325
240
3363
1765
96
28
849
2596
1632
995
976
261
317
1317
27
858
20
865
1477
1056
1955
1522
1792
192
968
295
145
324
2147
170
956
76
1329
48
165
2494
1245
67
108
166
18
440
448
907
420
2235
369
2153
235
29
101
68
2267
812
326
95
475
12
230
1450
735
2681
709
126
15
115
520
0
541
853
202
1456
254
57
319
2591
349
933
320
2822
771
26
3352
118
2387
2501
1000
1704
41
135
9
560
973
862
78
2761
841
9
1899
1194
589
95
1153
115
292
590
33
503
75
788
89
68
545
319
498
2410
2
149
272
180
677
596
665
1771
703
3701
115
27
2009
2149
3296
466
283
1780
56
673
79
756
877
438
512
334
223
1765
1406
5951
2103
154
1008
466
127
2631
972
459
108
970
621
3342
1346
858
2325
93
1185
1821
534
392
1272
60
803
217
1097
840
878
947
138
135
464
121
4514
777
118
1936
69
13
598
796
370
448
661
188
65
3
1029
2279
462
2673
206
3194
25
223
152
5418
1927
299
95
287
1592
829
356
269
1323
75
323
1093
509
182
13
161
1997
1461
2039
165
120
2281
1016
535
21
2457
360
50
183
1039
1643
7448
633
285
1567
27
1982
185
84
83
320
2644
104
207
218
627
2827
2315
103
255
932
377
104
209
51
202
1060
1259
2092
2468
4940
2980
1601
751
29
2504
28
8
556
86
750
802
16
72
488
201
604
869
359
115
507
1227
3127
38
81
13
1814
88
0
374
1194
966
398
1353
19
135
16
1022
3126
1139
42
1720
2317
345
454
1818
137
2
353
201
389
2202
315
396
2235
1273
247
103
1789
472
135
784
842
90
1668
88
2886
572
4131
153
9
705
986
3894
1333
1012
546
2227
103
75
304
183
3316
2478
14
7272
38
1174
5505
2373
1069
162
669
908
1740
455
166
1450
1411
78
1
893
1202
804
1574
929
30
3069
534
215
524
7
597
229
5
401
2328
413
44
319
40
384
2000
584
3
253
1536
48
817
271
2514
82
333
481
3183
923
1040
148
1190
4256
1480
1957
938
133
3588
5023
145
339
368
52
1002
2417
67
352
173
2290
1009
647
1196
4330
385
1270
1229
1195
794
218
17
932
2
208
38
24
138
120
262
23
955
244
277
261
447
778
1348
24
327
699
1510
551
515
1116
321
1959
522
2634
544
1440
380
860
211
2004
19
1247
78
1788
363
1152
149
895
714
873
49
130
485
817
4566
33
27
1352
3936
1094
396
335
1868
16
11
207
29
1105
4582
3021
136
3182
1818
255
306
247
2089
819
1627
1086
78
1806
4202
585
168
245
966
24
101
29
191
115
439
1572
47
1497
422
607
633
2928
2168
350
37
102
3086
5
7
791
124
514
999
1631
1654
299
273
1020
25
83
375
2421
225
2355
1974
83
266
855
947
4550
138
1131
69
327
16
5916
5991
2189
1490
122
130
38
91
2576
1032
159
1174
60
2825
1716
186
252
53
1186
1262
765
1072
1123
762
465
253
917
1264
423
19
172
119
437
2024
302
655
716
31
56
2500
486
71
686
754
2943
90
890
461
61
131
4481
1799
385
17
522
336
4
1320
195
0
843
3259
256
560
297
9
1357
3577
1111
86
112
25
1138
77
330
165
107
28
2207
380
31
579
192
48
697
653
398
4
1038
311
5413
1182
1972
3626
376
964
29
21
2333
8
7423
234
596
1059
53
1086
149
738
433
41
1937
594
565
535
837
810
519
258
2000
7
533
5
776
135
1655
114
416
9
66
23
666
60
1052
1190
536
478
132
184
97
2712
1595
232
75
1042
1441
406
5326
957
0
319
1679
232
219
7
2862
224
651
1088
488
1948
1367
250
4
1994
2121
296
258
111
596
799
290
40
2217
701
812
139
2632
921
52
568
127
787
1844
1236
1116
282
1573
1101
140
1286
982
208
230
551
989
79
578
131
517
169
103
3425
2483
90
358
619
3
1110
5
802
2627
292
346
282
56
107
799
3764
139
3727
79
90
604
48
2827
162
573
3
834
807
19
1589
100
1019
118
323
257
128
21
100
2160
1743
1035
1023
1584
1422
48
102
1066
24
1036
446
287
1038
1480
55
739
698
153
569
3375
423
612
111
605
52
84
698
27
375
12
544
8
758
2
399
931
2805
27
39
419
128
2483
960
9
284
614
53
43
386
655
1162
220
26
221
1762
1018
507
1143
23
224
156
570
224
650
2874
1158
609
63
666
277
1329
297
1574
104
790
356
3503
243
1160
629
166
40
43
71
656
179
1119
344
2724
6
276
70
145
2205
940
275
2960
295
1547
3492
972
493
5
1904
429
867
54
551
793
151
523
303
9
2195
301
1575
2618
1546
256
29
359
1541
4878
1186
2929
30
789
454
428
2411
1355
79
2280
334
589
433
622
152
38
4
245
85
1742
98
141
1166
3048
1473
48
917
820
82
5136
1071
1651
695
41
148
1628
133
1834
294
4878
152
297
1350
318
62
6
184
192
132
729
1053
44
35
1
444
800
2207
210
195
68
4501
604
2943
485
2944
5681
5891
214
439
1260
2408
431
130
9
2793
23
86
1484
411
4
1574
604
726
374
3378
54
0
1335
3580
821
1093
919
288
226
228
481
325
1269
81
232
189
986
66
348
2127
104
1058
23
5
251
266
401
3042
2890
171
493
66
50
845
48
368
81
304
41
997
744
498
1767
381
236
220
250
338
3
179
6
443
182
262
69
1260
429
461
885
1011
319
1422
45
3026
329
1838
29
98
2714
44
3834
106
18
20
830
313
284
602
24
108
507
1129
1179
100
1103
32
1895
38
763
1263
253
652
98
497
5359
1875
1025
239
6
2424
2150
3666
214
718
78
207
6
614
4392
1565
713
287
672
485
61
1972
13
491
4723
3034
67
191
21
902
80
18
250
8
297
2765
1626
16
1565
4258
885
441
144
468
50
2072
164
103
521
762
4
249
2297
3
253
64
1183
303
323
1686
373
646
252
1311
587
104
366
177
76
1824
123
16
77
227
490
72
244
1460
50
492
231
4233